# Distancias entre estrellas (arcsec)
14.993332
15.331014
14.934524
14.669697
14.598630
15.141995
14.142136
14.993332
14.538225
14.993332
14.993332
14.538225
15.062536
14.993332
15.388307
14.204225
14.538225
14.669697
14.538225
14.598630
14.669697
14.886235
14.886235
14.886235
14.598630
15.283979
15.331014
14.993332
13.652839
14.091132
14.277255
15.062536
14.488616
14.751271
14.934524
14.538225
14.934524
14.886235
14.934524
14.598630
13.810141
14.934524
14.488616
14.488616
14.091132
14.934524
14.848569
14.934524
14.993332
14.538225
14.204225
14.934524
13.746272
14.934524
14.142136
14.449913
14.488616
15.455743
14.142136
15.331014
14.886235
14.598630
15.455743
14.142136
14.598630
14.538225
13.885244
14.277255
14.142136
14.488616
13.810141
14.538225
14.538225
14.204225
14.538225
15.533190
14.669697
14.277255
14.142136
13.746272
14.598630
13.810141
14.538225
14.277255
14.488616
14.538225
14.142136
14.598630
14.538225
14.488616
14.993332
14.538225
13.746272
14.204225
14.538225
14.277255
14.142136
14.886235
14.993332
15.331014
14.142136
15.062536
14.538225
14.204225
13.493702
15.141995
14.598630
14.538225
14.669697
14.538225
15.727683
14.277255
15.455743
14.538225
14.993332
14.538225
14.598630
14.934524
14.204225
14.142136
14.204225
14.204225
14.934524
15.062536
14.934524
14.488616
14.993332
14.669697
14.204225
14.993332
14.934524
14.142136
14.142136
14.669697
14.538225
14.538225
14.993332
14.538225
14.488616
14.598630
14.993332
14.598630
14.142136
15.331014
14.277255
14.934524
14.993332
14.598630
14.538225
14.277255
14.598630
14.204225
14.598630
15.062536
14.204225
14.669697
15.388307
14.993332
14.361058
14.538225
14.538225
14.598630
15.849290
14.204225
14.993332
14.993332
15.062536
14.598630
14.993332
14.538225
15.062536
14.538225
14.669697
13.810141
14.598630
14.934524
14.993332
14.538225
14.277255
14.538225
14.598630
14.669697
14.538225
14.204225
14.277255
14.993332
14.538225
14.993332
14.669697
14.598630
14.538225
14.669697
15.062536
14.598630
14.993332
14.669697
14.886235
14.993332
14.751271
14.934524
14.993332
15.283979
14.669697
14.204225
14.669697
14.934524
14.204225
15.062536
14.934524
14.277255
14.669697
14.361058
15.062536
14.669697
15.388307
14.669697
14.204225
14.598630
15.141995
14.669697
13.971399
15.141995
14.277255
14.598630
14.277255
14.669697
14.751271
14.204225
14.598630
14.598630
14.993332
13.885244
14.204225
14.993332
14.669697
14.538225
13.810141
14.993332
14.277255
14.886235
14.277255
14.204225
13.416408
14.361058
13.746272
14.598630
14.277255
13.810141
14.934524
14.886235
15.141995
14.598630
14.751271
14.598630
14.598630
14.091132
14.204225
14.993332
14.934524
14.669697
15.062536
14.993332
14.204225
14.538225
14.993332
14.598630
14.361058
14.277255
15.062536
13.885244
14.204225
14.598630
14.538225
14.669697
14.455449
14.993332
13.971399
14.204225
14.598630
15.062536
14.598630
14.277255
14.669697
14.669697
14.669697
14.669697
14.751271
14.598630
15.062536
14.669697
14.934524
14.669697
14.598630
14.993332
14.598630
13.885244
14.204225
14.538225
14.934524
14.993332
14.204225
14.669697
14.142136
15.388307
15.388307
14.204225
15.231546
14.277255
15.062536
14.142136
14.751271
14.204225
15.849290
14.934524
14.993332
14.488616
15.388307
13.416408
15.141995
14.934524
14.598630
14.091132
14.277255
14.934524
15.455743
14.934524
14.993332
15.388307
13.746272
15.283979
15.455743
15.388307
14.277255
14.934524
15.849290
14.993332
15.283979
14.142136
14.361058
14.598630
14.993332
14.598630
14.277255
14.598630
14.538225
14.051334
14.361058
14.598630
15.455743
14.598630
14.598630
14.204225
14.934524
15.062536
15.062536
14.993332
14.488616
15.455743
14.945233
15.331014
14.538225
15.455743
14.598630
14.361058
14.751271
13.810141
14.669697
14.934524
14.993332
14.934524
14.886235
15.062536
14.669697
14.669697
16.316862
14.538225
14.204225
13.885244
14.277255
15.062536
14.277255
14.993332
14.598630
14.669697
14.751271
15.388307
14.934524
14.669697
15.062536
15.062536
14.993332
14.669697
14.598630
14.934524
14.598630
14.669697
14.598630
14.361058
14.669697
14.669697
15.141995
14.598630
14.993332
14.669697
15.331014
14.934524
14.598630
14.598630
15.440207
14.277255
14.091132
14.669697
13.746272
14.751271
14.669697
14.598630
15.062536
14.538225
14.669697
14.993332
13.102671
14.204225
14.669697
14.751271
14.361058
15.331014
15.141995
14.669697
14.886235
14.277255
15.388307
14.934524
14.277255
14.361058
15.062536
14.277255
14.091132
14.361058
14.993332
14.598630
14.361058
14.993332
15.141995
14.277255
14.204225
14.277255
13.885244
14.598630
14.538225
14.538225
14.598630
14.993332
14.361058
14.669697
14.538225
14.669697
14.669697
15.455743
14.204225
14.538225
14.669697
14.669697
14.598630
14.669697
14.669697
14.993332
14.934524
14.204225
14.204225
14.993332
14.277255
14.993332
15.062536
14.204225
15.062536
14.598630
14.204225
14.277255
14.204225
14.142136
14.598630
15.388307
14.538225
14.277255
14.538225
15.681837
14.091132
13.746272
14.886235
14.669697
14.598630
15.533190
14.751271
14.993332
14.488616
15.388307
14.204225
14.538225
14.277255
15.924823
14.538225
14.488616
13.416408
14.051334
13.810141
15.283979
14.993332
14.598630
15.141995
15.283979
14.669697
14.993332
15.062536
14.277255
14.669697
14.538225
15.533190
15.062536
14.277255
14.993332
15.924823
15.062536
14.598630
14.142136
14.934524
14.142136
14.669697
15.062536
14.051334
15.062536
15.388307
14.488616
15.783536
15.388307
15.062536
14.886235
14.277255
14.993332
15.388307
14.598630
14.488616
14.598630
14.204225
15.141995
14.993332
14.598630
15.455743
14.993332
14.848569
15.455743
14.993332
14.204225
15.062536
15.388307
15.533190
14.598630
14.538225
14.669697
14.598630
14.934524
14.051334
14.204225
14.277255
14.886235
14.751271
14.204225
14.934524
14.538225
14.538225
14.598630
14.993332
14.669697
15.062536
14.538225
13.810141
15.455743
14.669697
16.316862
14.993332
14.598630
14.993332
15.331014
14.598630
14.091132
14.538225
15.331014
14.277255
14.993332
15.283979
14.538225
14.204225
15.455743
15.620499
15.455743
15.388307
15.331014
14.669697
14.538225
14.598630
14.669697
14.277255
15.849290
15.388307
14.993332
14.669697
14.993332
14.142136
14.598630
14.993332
14.598630
15.062536
14.538225
15.455743
14.751271
13.810141
14.277255
14.993332
14.142136
14.538225
14.598630
13.746272
14.277255
14.751271
15.283979
15.388307
14.886235
15.062536
14.598630
14.204225
15.062536
14.598630
14.934524
15.062536
14.669697
14.598630
14.449913
14.993332
14.993332
15.388307
14.142136
14.204225
13.746272
14.204225
14.488616
14.598630
14.598630
14.091132
14.993332
14.993332
14.669697
15.062536
14.934524
14.751271
14.993332
14.934524
14.488616
14.934524
14.142136
14.598630
14.669697
14.993332
14.538225
14.142136
14.538225
15.388307
14.277255
14.538225
14.204225
14.934524
13.810141
15.455743
15.331014
14.204225
14.934524
14.993332
14.598630
14.751271
14.598630
14.843180
14.277255
14.993332
14.934524
15.331014
14.993332
14.538225
14.993332
14.751271
14.598630
14.538225
14.934524
14.669697
15.331014
14.142136
14.886235
14.934524
14.142136
14.538225
14.488616
14.598630
14.204225
14.204225
14.993332
15.141995
14.934524
15.533190
14.993332
14.538225
14.598630
14.934524
14.993332
14.598630
14.204225
15.062536
15.062536
14.751271
14.934524
14.886235
14.598630
15.331014
14.361058
14.204225
14.848569
14.821606
13.810141
15.062536
14.204225
13.971399
14.669697
14.598630
15.783536
14.204225
14.204225
15.455743
15.062536
14.669697
14.751271
15.388307
14.538225
15.331014
14.598630
14.277255
15.062536
14.751271
15.062536
14.598630
14.993332
15.141995
14.538225
14.204225
14.204225
13.885244
15.620499
14.538225
14.751271
14.934524
14.669697
14.993332
14.669697
14.993332
15.849290
14.993332
15.062536
14.993332
14.886235
15.062536
14.455449
14.091132
15.388307
14.751271
15.849290
14.488616
14.934524
14.204225
15.388307
14.488616
14.993332
14.277255
14.538225
15.331014
14.488616
14.669697
13.810141
14.669697
15.388307
15.388307
14.993332
14.204225
14.598630
15.062536
14.669697
14.091132
14.934524
14.598630
14.993332
14.488616
15.783536
14.934524
15.062536
14.204225
15.388307
15.283979
15.062536
15.783536
16.316862
14.934524
14.993332
15.062536
15.388307
14.091132
14.669697
14.934524
15.924823
14.538225
14.488616
14.886235
15.062536
14.538225
13.493702
14.598630
15.331014
14.204225
14.598630
15.533190
15.783536
14.669697
15.455743
14.598630
13.971399
14.361058
14.993332
13.746272
15.062536
15.849290
14.886235
14.993332
13.746272
14.142136
15.388307
16.178999
14.993332
15.062536
14.598630
16.178999
15.331014
14.751271
14.277255
13.693794
15.455743
14.598630
14.669697
15.783536
14.361058
14.993332
15.331014
14.538225
14.993332
15.062536
14.669697
15.388307
14.669697
15.388307
14.934524
14.598630
14.993332
14.886235
15.783536
14.993332
15.062536
14.993332
14.598630
15.455743
15.388307
14.993332
15.062536
14.538225
14.204225
15.062536
14.993332
14.669697
15.331014
14.669697
14.934524
14.598630
15.455743
14.361058
14.751271
14.751271
14.361058
14.669697
14.361058
14.598630
13.810141
14.993332
14.538225
14.598630
14.669697
14.277255
14.277255
13.971399
14.598630
14.751271
15.062536
14.142136
14.669697
15.062536
15.062536
14.598630
14.598630
14.669697
14.277255
14.751271
14.204225
14.934524
14.993332
14.277255
14.204225
14.538225
14.142136
14.277255
14.277255
15.231546
14.669697
14.669697
14.598630
14.993332
14.598630
14.277255
14.598630
14.277255
15.062536
15.062536
14.598630
14.598630
14.598630
14.934524
15.062536
13.416408
14.751271
14.934524
14.669697
14.204225
14.598630
14.934524
14.751271
14.361058
14.277255
14.751271
15.388307
14.598630
14.598630
15.141995
14.204225
14.598630
15.388307
14.091132
14.361058
15.231546
15.388307
15.388307
14.538225
14.488616
14.598630
14.669697
14.751271
14.142136
14.277255
15.141995
14.993332
13.885244
14.598630
15.455743
14.751271
14.993332
14.538225
14.204225
14.934524
14.538225
14.204225
14.538225
14.142136
14.993332
14.993332
14.934524
14.598630
14.751271
15.062536
14.538225
14.142136
14.598630
14.993332
14.204225
14.277255
15.141995
14.993332
15.681837
15.141995
15.062536
14.934524
15.141995
14.993332
13.810141
14.669697
14.598630
14.277255
15.388307
14.204225
14.488616
15.849290
15.455743
15.331014
14.598630
14.669697
14.598630
14.598630
14.538225
14.277255
14.204225
14.204225
14.993332
15.388307
14.751271
14.538225
15.331014
14.669697
14.455449
14.669697
14.598630
14.204225
14.277255
14.993332
14.993332
14.751271
14.669697
14.277255
14.669697
14.142136
14.277255
14.204225
14.751271
14.538225
14.993332
14.204225
14.669697
14.538225
13.885244
14.204225
14.886235
15.062536
15.849290
14.598630
14.598630
14.934524
14.669697
14.843180
14.934524
15.388307
15.331014
14.598630
14.598630
15.062536
13.885244
14.598630
14.598630
14.751271
14.204225
14.993332
14.277255
14.598630
14.598630
14.538225
14.538225
14.277255
14.751271
14.598630
15.062536
15.062536
14.669697
15.141995
14.993332
14.598630
14.277255
14.751271
14.993332
15.062536
14.669697
14.277255
15.062536
14.204225
14.361058
14.538225
14.669697
13.885244
14.538225
14.142136
14.598630
14.277255
15.388307
14.277255
14.204225
14.538225
14.538225
13.971399
15.783536
14.538225
14.669697
14.204225
14.204225
14.669697
14.361058
15.062536
14.598630
15.062536
14.598630
14.277255
15.141995
15.062536
15.455743
14.277255
14.598630
15.331014
14.204225
